[gd_scene load_steps=7 format=2]

[ext_resource path="res://scenes/entities/props/weapon_caches/ammo_caches.tscn" type="PackedScene" id=1]
[ext_resource path="res://scenes/entities/props/weapon_caches/ammo_caches_2.tscn" type="PackedScene" id=2]
[ext_resource path="res://scenes/entities/props/net_canopy/net_canopy_3x3.tscn" type="PackedScene" id=3]
[ext_resource path="res://scenes/tile_objects/battle/reload_spot.tscn" type="PackedScene" id=4]
[ext_resource path="res://scenes/entities/props/weapon_caches/weapon_caches.tscn" type="PackedScene" id=5]
[ext_resource path="res://scenes/entities/props/hidden_cache/hidden_cache_ammo.gd" type="Script" id=6]

[node name="hidden_cache" type="Spatial"]
script = ExtResource( 6 )

[node name="net_canopy_3x3" parent="." instance=ExtResource( 3 )]

[node name="ammo_caches2" parent="." instance=ExtResource( 2 )]
transform = Transform( 0.361006, 0, 0.932563, 0, 1, 0, -0.932563, 0, 0.361006, -0.989835, 0, -0.0219966 )

[node name="ammo_caches" parent="." instance=ExtResource( 1 )]
transform = Transform( 0.688684, 0, -0.725062, 0, 1, 0, 0.725062, 0, 0.688684, 1.09248, 0, -0.0219966 )

[node name="weapon_caches3" parent="." instance=ExtResource( 5 )]
transform = Transform( 0.984871, 0, -0.173287, 0, 1, 0, 0.173287, 0, 0.984871, -0.04, 0, -1 )

[node name="reload_spot" parent="." instance=ExtResource( 4 )]

[connection signal="out_of_stock" from="reload_spot" to="." method="_on_reload_spot_out_of_stock"]
